Nose_X,Nose_Y,Nose_C,Neck_X,Neck_Y,Neck_C,RShoulder_X,RShoulder_Y,RShoulder_C,RElbow_X,RElbow_Y,RElbow_C,RWrist_X,RWrist_Y,RWrist_C,LShoulder_X,LShoulder_Y,LShoulder_C,LElbow_X,LElbow_Y,LElbow_C,LWrist_X,LWrist_Y,LWrist_C,RHip_X,RHip_Y,RHip_C,RKnee_X,RKnee_Y,RKnee_C,RAnkle_X,RAnkle_Y,RAnkle_C,LHip_X,LHip_Y,LHip_C,LKnee_X,LKnee_Y,LKnee_C,LAnkle_X,LAnkle_Y,LAnkle_C,REye_X,REye_Y,REye_C,LEye_X,LEye_Y,LEye_C,REar_X,REar_Y,REar_C,LEar_X,LEar_Y,LEar_C
499.721,378.352,0.278991,487.775,573.25,0.141078,238.151,569.827,0.117458,0.0,0.0,0.0,0.0,0.0,0.0,641.633,523.662,0.0662013,0.0,0.0,0.0,0.0,0.0,0.0,0.0,0.0,0.0,0.0,0.0,0.0,0.0,0.0,0.0,0.0,0.0,0.0,0.0,0.0,0.0,0.0,0.0,0.0,415.963,315.072,0.536189,509.955,339.025,0.194416,345.844,380.068,0.432163,634.783,321.921,0.13416
433.07,332.171,0.196378,479.203,571.528,0.0660234,0.0,0.0,0.0,0.0,0.0,0.0,0.0,0.0,0.0,0.0,0.0,0.0,0.0,0.0,0.0,0.0,0.0,0.0,0.0,0.0,0.0,0.0,0.0,0.0,0.0,0.0,0.0,0.0,0.0,0.0,0.0,0.0,0.0,0.0,0.0,0.0,393.737,292.793,0.464718,470.664,299.678,0.09217,338.997,325.341,0.174413,0.0,0.0,0.0
434.758,333.908,0.210728,0.0,0.0,0.0,0.0,0.0,0.0,0.0,0.0,0.0,0.0,0.0,0.0,0.0,0.0,0.0,0.0,0.0,0.0,0.0,0.0,0.0,0.0,0.0,0.0,0.0,0.0,0.0,0.0,0.0,0.0,0.0,0.0,0.0,0.0,0.0,0.0,0.0,0.0,0.0,395.434,289.437,0.436328,434.76,280.903,0.0887167,337.291,320.203,0.178558,0.0,0.0,0.0
446.744,340.725,0.245439,0.0,0.0,0.0,0.0,0.0,0.0,0.0,0.0,0.0,0.0,0.0,0.0,0.0,0.0,0.0,0.0,0.0,0.0,0.0,0.0,0.0,0.0,0.0,0.0,0.0,0.0,0.0,0.0,0.0,0.0,0.0,0.0,0.0,0.0,0.0,0.0,0.0,0.0,0.0,398.847,291.144,0.554116,486.043,330.438,0.0776332,335.594,321.933,0.315831,0.0,0.0,0.0
458.692,359.507,0.379389,479.204,566.404,0.055237,226.19,564.68,0.164524,0.0,0.0,0.0,0.0,0.0,0.0,0.0,0.0,0.0,0.0,0.0,0.0,0.0,0.0,0.0,0.0,0.0,0.0,0.0,0.0,0.0,0.0,0.0,0.0,0.0,0.0,0.0,0.0,0.0,0.0,0.0,0.0,0.0,404.019,291.129,0.593114,499.72,333.93,0.268883,342.425,325.351,0.283551,0.0,0.0,0.0
484.305,357.801,0.284716,491.174,562.983,0.0544415,0.0,0.0,0.0,0.0,0.0,0.0,0.0,0.0,0.0,692.914,552.723,0.0521754,0.0,0.0,0.0,0.0,0.0,0.0,0.0,0.0,0.0,0.0,0.0,0.0,0.0,0.0,0.0,0.0,0.0,0.0,0.0,0.0,0.0,0.0,0.0,0.0,414.251,284.335,0.558571,511.656,333.901,0.123592,347.549,321.938,0.324503,0.0,0.0,0.0
484.309,357.794,0.284533,489.462,557.862,0.0613046,0.0,0.0,0.0,0.0,0.0,0.0,0.0,0.0,0.0,636.505,504.858,0.093236,0.0,0.0,0.0,0.0,0.0,0.0,0.0,0.0,0.0,0.0,0.0,0.0,0.0,0.0,0.0,0.0,0.0,0.0,0.0,0.0,0.0,0.0,0.0,0.0,414.249,284.344,0.556328,511.668,333.889,0.127453,347.581,321.919,0.295157,645.045,306.503,0.0544492
0.0,0.0,0.0,634.821,144.117,0.275618,0.0,0.0,0.0,0.0,0.0,0.0,0.0,0.0,0.0,638.228,147.532,0.256511,634.768,200.531,0.0596405,0.0,0.0,0.0,650.159,224.484,0.312524,655.298,280.842,0.308247,653.582,323.64,0.162052,646.749,227.891,0.353123,650.149,280.837,0.36598,651.884,323.657,0.25797,0.0,0.0,0.0,0.0,0.0,0.0,0.0,0.0,0.0,621.107,115.025,0.0638866
0.0,0.0,0.0,602.313,176.587,0.110405,602.318,176.586,0.0847413,0.0,0.0,0.0,0.0,0.0,0.0,609.149,181.744,0.262941,619.385,243.293,0.36618,610.876,292.88,0.332846,0.0,0.0,0.0,0.0,0.0,0.0,0.0,0.0,0.0,0.0,0.0,0.0,0.0,0.0,0.0,0.0,0.0,0.0,0.0,0.0,0.0,0.0,0.0,0.0,0.0,0.0,0.0,0.0,0.0,0.0
0.0,0.0,0.0,602.319,176.596,0.109808,603.999,176.605,0.0834342,0.0,0.0,0.0,0.0,0.0,0.0,609.157,183.366,0.255472,619.375,244.985,0.354582,610.846,292.875,0.312431,0.0,0.0,0.0,0.0,0.0,0.0,0.0,0.0,0.0,0.0,0.0,0.0,0.0,0.0,0.0,0.0,0.0,0.0,0.0,0.0,0.0,0.0,0.0,0.0,0.0,0.0,0.0,0.0,0.0,0.0
609.073,335.634,0.159362,590.334,362.889,0.474108,583.537,362.979,0.61982,581.775,405.733,0.33112,598.877,398.867,0.122041,593.725,361.264,0.429467,0.0,0.0,0.0,0.0,0.0,0.0,578.352,450.139,0.375166,592.04,489.46,0.157852,595.453,540.745,0.130434,583.503,445.033,0.27928,590.325,494.581,0.0816599,597.173,549.262,0.05516,605.721,333.822,0.162913,0.0,0.0,0.0,595.496,333.911,0.31097,0.0,0.0,0.0
0.0,0.0,0.0,0.0,0.0,0.0,0.0,0.0,0.0,0.0,0.0,0.0,0.0,0.0,0.0,593.735,183.453,0.0954053,607.401,236.43,0.191061,607.353,299.676,0.315659,0.0,0.0,0.0,0.0,0.0,0.0,0.0,0.0,0.0,0.0,0.0,0.0,0.0,0.0,0.0,0.0,0.0,0.0,0.0,0.0,0.0,0.0,0.0,0.0,0.0,0.0,0.0,0.0,0.0,0.0
0.0,0.0,0.0,634.773,308.243,0.384808,638.192,308.202,0.332243,646.733,333.929,0.0789508,0.0,0.0,0.0,636.518,308.184,0.425894,648.399,333.895,0.129074,0.0,0.0,0.0,636.525,357.802,0.302324,636.552,378.373,0.172371,634.811,414.197,0.147385,636.514,357.812,0.3092,636.489,380.043,0.160049,634.789,409.098,0.160729,0.0,0.0,0.0,0.0,0.0,0.0,0.0,0.0,0.0,0.0,0.0,0.0
0.0,0.0,0.0,586.909,145.838,0.0799953,621.1,152.658,0.16504,634.746,239.854,0.323862,634.718,304.803,0.311358,0.0,0.0,0.0,0.0,0.0,0.0,0.0,0.0,0.0,0.0,0.0,0.0,0.0,0.0,0.0,0.0,0.0,0.0,0.0,0.0,0.0,0.0,0.0,0.0,0.0,0.0,0.0,0.0,0.0,0.0,0.0,0.0,0.0,0.0,0.0,0.0,0.0,0.0,0.0
0.0,0.0,0.0,586.917,137.274,0.0765732,621.046,138.988,0.162438,631.338,222.762,0.222156,633.036,301.421,0.328663,0.0,0.0,0.0,0.0,0.0,0.0,0.0,0.0,0.0,0.0,0.0,0.0,0.0,0.0,0.0,0.0,0.0,0.0,0.0,0.0,0.0,0.0,0.0,0.0,0.0,0.0,0.0,0.0,0.0,0.0,0.0,0.0,0.0,0.0,0.0,0.0,0.0,0.0,0.0
0.0,0.0,0.0,581.799,140.673,0.0793324,617.695,133.873,0.174416,629.653,210.786,0.241966,633.057,301.388,0.331179,0.0,0.0,0.0,0.0,0.0,0.0,0.0,0.0,0.0,0.0,0.0,0.0,0.0,0.0,0.0,0.0,0.0,0.0,0.0,0.0,0.0,0.0,0.0,0.0,0.0,0.0,0.0,0.0,0.0,0.0,0.0,0.0,0.0,0.0,0.0,0.0,0.0,0.0,0.0
0.0,0.0,0.0,580.1,137.278,0.0855589,617.7,133.86,0.184942,627.982,207.377,0.256437,631.394,301.379,0.354304,0.0,0.0,0.0,0.0,0.0,0.0,0.0,0.0,0.0,0.0,0.0,0.0,0.0,0.0,0.0,0.0,0.0,0.0,0.0,0.0,0.0,0.0,0.0,0.0,0.0,0.0,0.0,0.0,0.0,0.0,0.0,0.0,0.0,0.0,0.0,0.0,0.0,0.0,0.0
0.0,0.0,0.0,583.492,142.416,0.0650691,619.422,137.272,0.14165,633.08,234.72,0.215159,631.386,301.409,0.341151,0.0,0.0,0.0,0.0,0.0,0.0,0.0,0.0,0.0,0.0,0.0,0.0,0.0,0.0,0.0,0.0,0.0,0.0,0.0,0.0,0.0,0.0,0.0,0.0,0.0,0.0,0.0,0.0,0.0,0.0,0.0,0.0,0.0,0.0,0.0,0.0,0.0,0.0,0.0
0.0,0.0,0.0,580.084,133.841,0.100659,619.429,130.456,0.248273,631.372,215.919,0.305024,629.652,304.832,0.414222,0.0,0.0,0.0,0.0,0.0,0.0,0.0,0.0,0.0,0.0,0.0,0.0,0.0,0.0,0.0,0.0,0.0,0.0,0.0,0.0,0.0,0.0,0.0,0.0,0.0,0.0,0.0,0.0,0.0,0.0,0.0,0.0,0.0,0.0,0.0,0.0,0.0,0.0,0.0
0.0,0.0,0.0,580.092,133.869,0.0780329,619.399,130.462,0.214615,629.656,210.774,0.292101,627.977,304.801,0.353565,0.0,0.0,0.0,0.0,0.0,0.0,0.0,0.0,0.0,0.0,0.0,0.0,0.0,0.0,0.0,0.0,0.0,0.0,0.0,0.0,0.0,0.0,0.0,0.0,0.0,0.0,0.0,0.0,0.0,0.0,0.0,0.0,0.0,0.0,0.0,0.0,0.0,0.0,0.0
0.0,0.0,0.0,580.087,133.866,0.0778944,619.396,130.46,0.215966,629.652,210.776,0.292523,627.978,304.805,0.352597,0.0,0.0,0.0,0.0,0.0,0.0,0.0,0.0,0.0,0.0,0.0,0.0,0.0,0.0,0.0,0.0,0.0,0.0,0.0,0.0,0.0,0.0,0.0,0.0,0.0,0.0,0.0,0.0,0.0,0.0,0.0,0.0,0.0,0.0,0.0,0.0,0.0,0.0,0.0
0.0,0.0,0.0,578.372,132.152,0.0819535,621.054,130.451,0.259992,627.97,210.761,0.327295,627.974,306.493,0.389268,0.0,0.0,0.0,0.0,0.0,0.0,0.0,0.0,0.0,0.0,0.0,0.0,0.0,0.0,0.0,0.0,0.0,0.0,0.0,0.0,0.0,0.0,0.0,0.0,0.0,0.0,0.0,0.0,0.0,0.0,0.0,0.0,0.0,0.0,0.0,0.0,0.0,0.0,0.0
0.0,0.0,0.0,578.372,133.839,0.0744304,619.391,130.43,0.193149,627.947,210.817,0.291084,631.348,303.132,0.336971,0.0,0.0,0.0,0.0,0.0,0.0,0.0,0.0,0.0,0.0,0.0,0.0,0.0,0.0,0.0,0.0,0.0,0.0,0.0,0.0,0.0,0.0,0.0,0.0,0.0,0.0,0.0,0.0,0.0,0.0,0.0,0.0,0.0,0.0,0.0,0.0,0.0,0.0,0.0
0.0,0.0,0.0,595.46,132.152,0.0714875,619.378,130.404,0.183726,629.677,209.077,0.264805,624.562,294.565,0.313862,0.0,0.0,0.0,0.0,0.0,0.0,0.0,0.0,0.0,0.0,0.0,0.0,0.0,0.0,0.0,0.0,0.0,0.0,0.0,0.0,0.0,0.0,0.0,0.0,0.0,0.0,0.0,0.0,0.0,0.0,0.0,0.0,0.0,0.0,0.0,0.0,0.0,0.0,0.0
0.0,0.0,0.0,482.566,333.952,0.344958,492.904,332.208,0.302611,0.0,0.0,0.0,0.0,0.0,0.0,468.963,335.642,0.245586,0.0,0.0,0.0,0.0,0.0,0.0,501.477,400.534,0.223455,0.0,0.0,0.0,0.0,0.0,0.0,475.813,403.974,0.189294,0.0,0.0,0.0,0.0,0.0,0.0,0.0,0.0,0.0,0.0,0.0,0.0,0.0,0.0,0.0,0.0,0.0,0.0
0.0,0.0,0.0,482.565,333.951,0.344195,492.902,332.209,0.302345,0.0,0.0,0.0,0.0,0.0,0.0,468.964,335.641,0.244897,0.0,0.0,0.0,0.0,0.0,0.0,501.473,400.532,0.222234,0.0,0.0,0.0,0.0,0.0,0.0,475.815,403.973,0.188117,0.0,0.0,0.0,0.0,0.0,0.0,0.0,0.0,0.0,0.0,0.0,0.0,0.0,0.0,0.0,0.0,0.0,0.0
0.0,0.0,0.0,327.05,386.915,0.493481,354.403,386.908,0.366464,373.168,427.893,0.072499,0.0,0.0,0.0,297.964,388.542,0.546707,280.902,424.494,0.589736,280.939,395.468,0.0801787,357.786,467.22,0.296296,349.272,516.808,0.070392,0.0,0.0,0.0,318.502,468.949,0.366863,335.553,521.943,0.0941754,0.0,0.0,0.0,0.0,0.0,0.0,0.0,0.0,0.0,0.0,0.0,0.0,308.256,357.829,0.0580048
0.0,0.0,0.0,0.0,0.0,0.0,0.0,0.0,0.0,0.0,0.0,0.0,0.0,0.0,0.0,303.097,374.989,0.171265,279.144,419.359,0.452059,279.198,386.886,0.182182,0.0,0.0,0.0,0.0,0.0,0.0,0.0,0.0,0.0,0.0,0.0,0.0,0.0,0.0,0.0,0.0,0.0,0.0,0.0,0.0,0.0,0.0,0.0,0.0,0.0,0.0,0.0,0.0,0.0,0.0
0.0,0.0,0.0,321.914,376.707,0.182888,320.215,374.948,0.0664642,0.0,0.0,0.0,0.0,0.0,0.0,296.287,385.171,0.271975,282.613,424.53,0.584352,280.878,386.891,0.239807,361.198,477.511,0.166583,0.0,0.0,0.0,0.0,0.0,0.0,328.766,482.611,0.198916,0.0,0.0,0.0,0.0,0.0,0.0,0.0,0.0,0.0,0.0,0.0,0.0,0.0,0.0,0.0,0.0,0.0,0.0
0.0,0.0,0.0,321.94,376.701,0.18743,321.929,374.94,0.0674147,0.0,0.0,0.0,0.0,0.0,0.0,296.301,385.157,0.27992,282.61,424.526,0.594858,280.887,386.87,0.250825,361.233,477.529,0.169464,0.0,0.0,0.0,0.0,0.0,0.0,330.442,482.626,0.2054,0.0,0.0,0.0,0.0,0.0,0.0,0.0,0.0,0.0,0.0,0.0,0.0,0.0,0.0,0.0,0.0,0.0,0.0
0.0,0.0,0.0,0.0,0.0,0.0,0.0,0.0,0.0,0.0,0.0,0.0,0.0,0.0,0.0,304.822,386.88,0.125423,292.8,427.941,0.419246,291.092,388.601,0.156837,0.0,0.0,0.0,0.0,0.0,0.0,0.0,0.0,0.0,0.0,0.0,0.0,0.0,0.0,0.0,0.0,0.0,0.0,0.0,0.0,0.0,0.0,0.0,0.0,0.0,0.0,0.0,0.0,0.0,0.0
0.0,0.0,0.0,335.547,388.617,0.238254,373.162,381.765,0.103515,0.0,0.0,0.0,0.0,0.0,0.0,303.076,390.34,0.39004,291.082,433.057,0.558324,0.0,0.0,0.0,0.0,0.0,0.0,0.0,0.0,0.0,0.0,0.0,0.0,335.585,491.176,0.169862,0.0,0.0,0.0,0.0,0.0,0.0,0.0,0.0,0.0,0.0,0.0,0.0,0.0,0.0,0.0,0.0,0.0,0.0
0.0,0.0,0.0,335.587,388.581,0.178738,0.0,0.0,0.0,0.0,0.0,0.0,0.0,0.0,0.0,303.096,390.316,0.341798,291.129,433.044,0.52427,0.0,0.0,0.0,0.0,0.0,0.0,0.0,0.0,0.0,0.0,0.0,0.0,335.649,494.589,0.130144,0.0,0.0,0.0,0.0,0.0,0.0,0.0,0.0,0.0,0.0,0.0,0.0,0.0,0.0,0.0,0.0,0.0,0.0
0.0,0.0,0.0,332.189,393.716,0.321413,362.955,390.311,0.186166,0.0,0.0,0.0,0.0,0.0,0.0,296.29,400.522,0.419839,287.738,439.91,0.580758,286.013,403.977,0.113698,369.775,491.181,0.141946,0.0,0.0,0.0,0.0,0.0,0.0,327.038,496.302,0.240023,0.0,0.0,0.0,0.0,0.0,0.0,0.0,0.0,0.0,0.0,0.0,0.0,0.0,0.0,0.0,306.514,362.976,0.0770512
0.0,0.0,0.0,320.203,398.855,0.193226,332.179,392.0,0.0578108,0.0,0.0,0.0,0.0,0.0,0.0,292.817,402.193,0.425323,282.594,441.611,0.59735,280.837,414.255,0.13221,0.0,0.0,0.0,0.0,0.0,0.0,0.0,0.0,0.0,320.261,489.46,0.200337,0.0,0.0,0.0,0.0,0.0,0.0,0.0,0.0,0.0,0.0,0.0,0.0,0.0,0.0,0.0,296.266,374.966,0.0604152
0.0,0.0,0.0,573.235,169.686,0.284227,585.185,166.334,0.214269,0.0,0.0,0.0,0.0,0.0,0.0,0.0,0.0,0.0,0.0,0.0,0.0,0.0,0.0,0.0,597.188,239.891,0.246935,593.75,327.042,0.162636,597.187,403.965,0.134901,585.231,246.687,0.283151,586.925,328.747,0.200861,602.333,400.556,0.185394,0.0,0.0,0.0,0.0,0.0,0.0,0.0,0.0,0.0,0.0,0.0,0.0
0.0,0.0,0.0,274.057,215.912,0.137744,272.347,214.219,0.123911,265.55,246.664,0.0717116,263.779,279.177,0.074848,0.0,0.0,0.0,0.0,0.0,0.0,0.0,0.0,0.0,280.894,270.621,0.278298,279.237,306.551,0.267552,280.864,333.918,0.27986,268.979,275.755,0.302148,277.464,306.544,0.278997,279.205,333.843,0.336375,0.0,0.0,0.0,0.0,0.0,0.0,0.0,0.0,0.0,0.0,0.0,0.0
0.0,0.0,0.0,318.489,402.209,0.336348,347.587,395.453,0.189669,0.0,0.0,0.0,0.0,0.0,0.0,287.743,404.009,0.460109,280.899,446.696,0.608566,275.767,417.722,0.11945,361.274,487.774,0.194274,0.0,0.0,0.0,0.0,0.0,0.0,320.156,494.606,0.26623,0.0,0.0,0.0,0.0,0.0,0.0,0.0,0.0,0.0,0.0,0.0,0.0,0.0,0.0,0.0,291.17,373.165,0.0860934
0.0,0.0,0.0,549.285,140.706,0.123578,0.0,0.0,0.0,0.0,0.0,0.0,0.0,0.0,0.0,0.0,0.0,0.0,0.0,0.0,0.0,0.0,0.0,0.0,544.196,227.897,0.113128,539.013,320.221,0.169181,540.771,376.628,0.0537363,581.744,233.001,0.233758,590.302,315.096,0.340445,598.865,390.279,0.347076,0.0,0.0,0.0,0.0,0.0,0.0,0.0,0.0,0.0,0.0,0.0,0.0
0.0,0.0,0.0,549.285,142.402,0.130281,0.0,0.0,0.0,0.0,0.0,0.0,0.0,0.0,0.0,0.0,0.0,0.0,0.0,0.0,0.0,0.0,0.0,0.0,545.897,227.9,0.106687,539.034,323.633,0.152463,0.0,0.0,0.0,580.128,233.017,0.251692,590.332,318.486,0.342476,598.88,390.295,0.335019,0.0,0.0,0.0,0.0,0.0,0.0,0.0,0.0,0.0,0.0,0.0,0.0
0.0,0.0,0.0,607.398,321.86,0.342321,609.061,320.281,0.317237,0.0,0.0,0.0,0.0,0.0,0.0,607.439,321.849,0.459426,607.389,349.327,0.241818,605.685,374.901,0.183009,605.712,373.196,0.238476,604.01,405.71,0.104574,0.0,0.0,0.0,603.984,374.85,0.268026,603.982,400.576,0.108736,0.0,0.0,0.0,0.0,0.0,0.0,0.0,0.0,0.0,0.0,0.0,0.0,602.313,306.525,0.0619256
0.0,0.0,0.0,0.0,0.0,0.0,0.0,0.0,0.0,0.0,0.0,0.0,0.0,0.0,0.0,0.0,0.0,0.0,0.0,0.0,0.0,0.0,0.0,0.0,0.0,0.0,0.0,0.0,0.0,0.0,0.0,0.0,0.0,274.075,292.869,0.215125,279.242,345.823,0.301743,280.859,414.224,0.199648,0.0,0.0,0.0,0.0,0.0,0.0,0.0,0.0,0.0,0.0,0.0,0.0
0.0,0.0,0.0,0.0,0.0,0.0,0.0,0.0,0.0,0.0,0.0,0.0,0.0,0.0,0.0,0.0,0.0,0.0,0.0,0.0,0.0,0.0,0.0,0.0,0.0,0.0,0.0,0.0,0.0,0.0,0.0,0.0,0.0,275.746,292.857,0.231858,280.86,347.509,0.308733,280.903,412.525,0.185498,0.0,0.0,0.0,0.0,0.0,0.0,0.0,0.0,0.0,0.0,0.0,0.0
0.0,0.0,0.0,0.0,0.0,0.0,0.0,0.0,0.0,0.0,0.0,0.0,0.0,0.0,0.0,0.0,0.0,0.0,0.0,0.0,0.0,0.0,0.0,0.0,0.0,0.0,0.0,0.0,0.0,0.0,0.0,0.0,0.0,274.037,287.739,0.144487,280.838,344.125,0.323369,280.964,414.242,0.243723,0.0,0.0,0.0,0.0,0.0,0.0,0.0,0.0,0.0,0.0,0.0,0.0
0.0,0.0,0.0,0.0,0.0,0.0,0.0,0.0,0.0,0.0,0.0,0.0,0.0,0.0,0.0,0.0,0.0,0.0,0.0,0.0,0.0,0.0,0.0,0.0,0.0,0.0,0.0,0.0,0.0,0.0,0.0,0.0,0.0,268.942,263.797,0.0748079,279.227,335.645,0.30198,282.606,415.933,0.213591,0.0,0.0,0.0,0.0,0.0,0.0,0.0,0.0,0.0,0.0,0.0,0.0
0.0,0.0,0.0,0.0,0.0,0.0,0.0,0.0,0.0,0.0,0.0,0.0,0.0,0.0,0.0,0.0,0.0,0.0,0.0,0.0,0.0,0.0,0.0,0.0,0.0,0.0,0.0,0.0,0.0,0.0,0.0,0.0,0.0,270.621,284.296,0.147106,280.854,342.428,0.356713,280.902,414.233,0.197503,0.0,0.0,0.0,0.0,0.0,0.0,0.0,0.0,0.0,0.0,0.0,0.0
0.0,0.0,0.0,0.0,0.0,0.0,0.0,0.0,0.0,0.0,0.0,0.0,0.0,0.0,0.0,0.0,0.0,0.0,0.0,0.0,0.0,0.0,0.0,0.0,0.0,0.0,0.0,0.0,0.0,0.0,0.0,0.0,0.0,267.201,277.468,0.1315,279.216,338.996,0.335608,280.964,414.239,0.19296,0.0,0.0,0.0,0.0,0.0,0.0,0.0,0.0,0.0,0.0,0.0,0.0
0.0,0.0,0.0,0.0,0.0,0.0,0.0,0.0,0.0,0.0,0.0,0.0,0.0,0.0,0.0,0.0,0.0,0.0,0.0,0.0,0.0,0.0,0.0,0.0,0.0,0.0,0.0,0.0,0.0,0.0,0.0,0.0,0.0,267.2,277.459,0.125793,279.208,338.995,0.328692,280.951,415.916,0.188313,0.0,0.0,0.0,0.0,0.0,0.0,0.0,0.0,0.0,0.0,0.0,0.0
0.0,0.0,0.0,0.0,0.0,0.0,580.072,138.973,0.0782812,595.486,210.8,0.267602,593.756,303.108,0.251656,0.0,0.0,0.0,0.0,0.0,0.0,0.0,0.0,0.0,0.0,0.0,0.0,0.0,0.0,0.0,0.0,0.0,0.0,0.0,0.0,0.0,0.0,0.0,0.0,0.0,0.0,0.0,0.0,0.0,0.0,0.0,0.0,0.0,0.0,0.0,0.0,0.0,0.0,0.0
0.0,0.0,0.0,0.0,0.0,0.0,580.119,133.886,0.112482,595.508,214.212,0.244822,595.508,306.5,0.216411,0.0,0.0,0.0,0.0,0.0,0.0,0.0,0.0,0.0,0.0,0.0,0.0,0.0,0.0,0.0,0.0,0.0,0.0,0.0,0.0,0.0,0.0,0.0,0.0,0.0,0.0,0.0,0.0,0.0,0.0,0.0,0.0,0.0,0.0,0.0,0.0,0.0,0.0,0.0
0.0,0.0,0.0,0.0,0.0,0.0,0.0,0.0,0.0,0.0,0.0,0.0,0.0,0.0,0.0,0.0,0.0,0.0,0.0,0.0,0.0,0.0,0.0,0.0,0.0,0.0,0.0,0.0,0.0,0.0,0.0,0.0,0.0,265.518,250.105,0.112158,280.892,335.548,0.314099,282.577,417.667,0.215495,0.0,0.0,0.0,0.0,0.0,0.0,0.0,0.0,0.0,0.0,0.0,0.0
0.0,0.0,0.0,0.0,0.0,0.0,0.0,0.0,0.0,0.0,0.0,0.0,0.0,0.0,0.0,0.0,0.0,0.0,0.0,0.0,0.0,0.0,0.0,0.0,0.0,0.0,0.0,0.0,0.0,0.0,0.0,0.0,0.0,265.505,246.682,0.110177,280.892,335.576,0.324379,284.295,417.704,0.227856,0.0,0.0,0.0,0.0,0.0,0.0,0.0,0.0,0.0,0.0,0.0,0.0
0.0,0.0,0.0,0.0,0.0,0.0,0.0,0.0,0.0,0.0,0.0,0.0,0.0,0.0,0.0,0.0,0.0,0.0,0.0,0.0,0.0,0.0,0.0,0.0,0.0,0.0,0.0,0.0,0.0,0.0,0.0,0.0,0.0,265.504,246.688,0.109822,280.892,335.576,0.324801,284.296,417.704,0.227987,0.0,0.0,0.0,0.0,0.0,0.0,0.0,0.0,0.0,0.0,0.0,0.0
0.0,0.0,0.0,0.0,0.0,0.0,0.0,0.0,0.0,0.0,0.0,0.0,0.0,0.0,0.0,0.0,0.0,0.0,0.0,0.0,0.0,0.0,0.0,0.0,0.0,0.0,0.0,0.0,0.0,0.0,0.0,0.0,0.0,267.249,209.087,0.0845102,280.91,335.629,0.285539,282.612,421.077,0.24779,0.0,0.0,0.0,0.0,0.0,0.0,0.0,0.0,0.0,0.0,0.0,0.0
0.0,0.0,0.0,0.0,0.0,0.0,0.0,0.0,0.0,0.0,0.0,0.0,0.0,0.0,0.0,0.0,0.0,0.0,0.0,0.0,0.0,0.0,0.0,0.0,0.0,0.0,0.0,0.0,0.0,0.0,0.0,0.0,0.0,268.925,263.78,0.0673564,280.912,337.332,0.288484,282.591,421.088,0.240263,0.0,0.0,0.0,0.0,0.0,0.0,0.0,0.0,0.0,0.0,0.0,0.0
0.0,0.0,0.0,0.0,0.0,0.0,0.0,0.0,0.0,0.0,0.0,0.0,0.0,0.0,0.0,0.0,0.0,0.0,0.0,0.0,0.0,0.0,0.0,0.0,275.765,222.738,0.241974,291.109,335.647,0.263204,285.997,429.626,0.164423,0.0,0.0,0.0,0.0,0.0,0.0,0.0,0.0,0.0,0.0,0.0,0.0,0.0,0.0,0.0,0.0,0.0,0.0,0.0,0.0,0.0
0.0,0.0,0.0,0.0,0.0,0.0,0.0,0.0,0.0,0.0,0.0,0.0,0.0,0.0,0.0,0.0,0.0,0.0,0.0,0.0,0.0,0.0,0.0,0.0,275.745,222.756,0.220304,286.03,337.295,0.269927,284.33,421.076,0.175376,0.0,0.0,0.0,0.0,0.0,0.0,0.0,0.0,0.0,0.0,0.0,0.0,0.0,0.0,0.0,0.0,0.0,0.0,0.0,0.0,0.0
0.0,0.0,0.0,0.0,0.0,0.0,0.0,0.0,0.0,0.0,0.0,0.0,0.0,0.0,0.0,0.0,0.0,0.0,0.0,0.0,0.0,0.0,0.0,0.0,274.046,224.461,0.215266,289.404,335.59,0.272496,284.315,424.49,0.168758,0.0,0.0,0.0,0.0,0.0,0.0,0.0,0.0,0.0,0.0,0.0,0.0,0.0,0.0,0.0,0.0,0.0,0.0,0.0,0.0,0.0
0.0,0.0,0.0,286.002,200.524,0.0819281,0.0,0.0,0.0,0.0,0.0,0.0,0.0,0.0,0.0,0.0,0.0,0.0,0.0,0.0,0.0,0.0,0.0,0.0,299.695,280.921,0.160281,294.561,347.522,0.228671,287.743,410.823,0.157803,267.299,289.424,0.27917,280.948,347.564,0.435622,282.568,421.081,0.255887,0.0,0.0,0.0,0.0,0.0,0.0,0.0,0.0,0.0,0.0,0.0,0.0
0.0,0.0,0.0,0.0,0.0,0.0,0.0,0.0,0.0,0.0,0.0,0.0,0.0,0.0,0.0,0.0,0.0,0.0,0.0,0.0,0.0,0.0,0.0,0.0,0.0,0.0,0.0,0.0,0.0,0.0,0.0,0.0,0.0,268.906,279.162,0.156878,282.6,347.504,0.418214,284.294,424.504,0.243344,0.0,0.0,0.0,0.0,0.0,0.0,0.0,0.0,0.0,0.0,0.0,0.0
539.039,233.007,0.238741,542.487,318.488,0.13657,491.173,309.97,0.117218,0.0,0.0,0.0,0.0,0.0,0.0,607.393,315.058,0.360293,610.83,349.285,0.129854,0.0,0.0,0.0,0.0,0.0,0.0,0.0,0.0,0.0,0.0,0.0,0.0,588.601,443.303,0.0719609,0.0,0.0,0.0,0.0,0.0,0.0,521.962,214.195,0.21995,552.745,214.203,0.271119,498.04,219.331,0.103007,581.833,226.123,0.233099
540.746,234.751,0.259852,540.721,325.329,0.182486,486.08,325.346,0.154622,0.0,0.0,0.0,0.0,0.0,0.0,607.379,320.153,0.291847,609.206,395.437,0.0905542,0.0,0.0,0.0,0.0,0.0,0.0,0.0,0.0,0.0,0.0,0.0,0.0,581.793,455.269,0.0706102,0.0,0.0,0.0,0.0,0.0,0.0,523.653,215.952,0.294283,554.425,214.244,0.310043,498.026,226.239,0.240514,585.194,229.577,0.198518
540.743,234.749,0.260666,539.072,325.333,0.180907,486.06,325.348,0.153444,0.0,0.0,0.0,0.0,0.0,0.0,607.375,320.158,0.288476,609.196,395.444,0.0895045,0.0,0.0,0.0,0.0,0.0,0.0,0.0,0.0,0.0,0.0,0.0,0.0,581.801,453.58,0.0694709,0.0,0.0,0.0,0.0,0.0,0.0,523.652,215.949,0.295683,554.422,214.241,0.31046,498.025,226.237,0.241965,585.193,229.581,0.19861
533.911,253.505,0.171856,549.289,323.645,0.291453,494.614,325.32,0.245635,0.0,0.0,0.0,0.0,0.0,0.0,603.994,320.17,0.49543,610.854,400.543,0.210627,0.0,0.0,0.0,520.231,470.649,0.0666028,0.0,0.0,0.0,0.0,0.0,0.0,583.503,479.206,0.0794074,0.0,0.0,0.0,0.0,0.0,0.0,523.631,234.733,0.192101,545.894,234.708,0.210559,494.601,236.414,0.0527451,580.044,243.262,0.250456
532.204,253.51,0.177352,550.987,323.638,0.273076,497.973,323.648,0.237996,0.0,0.0,0.0,0.0,0.0,0.0,603.995,320.174,0.463934,610.836,400.536,0.194322,0.0,0.0,0.0,521.939,468.948,0.0685726,0.0,0.0,0.0,0.0,0.0,0.0,583.491,479.21,0.0797282,0.0,0.0,0.0,0.0,0.0,0.0,523.664,236.394,0.199544,545.878,236.401,0.203209,0.0,0.0,0.0,580.055,241.563,0.233785
513.385,229.609,0.120605,556.147,320.247,0.18593,508.281,321.895,0.14233,0.0,0.0,0.0,0.0,0.0,0.0,607.38,316.807,0.395804,609.164,385.175,0.151236,0.0,0.0,0.0,0.0,0.0,0.0,0.0,0.0,0.0,0.0,0.0,0.0,590.348,443.307,0.053839,0.0,0.0,0.0,0.0,0.0,0.0,511.69,214.21,0.124371,525.39,212.531,0.129103,0.0,0.0,0.0,568.149,222.739,0.430101
521.94,233.008,0.123771,557.836,320.174,0.240068,509.973,320.223,0.180446,0.0,0.0,0.0,0.0,0.0,0.0,607.401,316.757,0.476327,609.138,390.298,0.212647,0.0,0.0,0.0,0.0,0.0,0.0,0.0,0.0,0.0,0.0,0.0,0.0,588.606,445.009,0.0582415,0.0,0.0,0.0,0.0,0.0,0.0,516.812,214.213,0.148844,539.022,214.197,0.144833,0.0,0.0,0.0,573.253,224.422,0.28551
518.534,231.318,0.141635,554.413,320.231,0.307458,503.138,321.942,0.224864,0.0,0.0,0.0,0.0,0.0,0.0,607.375,318.453,0.519113,609.094,395.449,0.237326,0.0,0.0,0.0,0.0,0.0,0.0,0.0,0.0,0.0,0.0,0.0,0.0,585.191,455.275,0.0613682,0.0,0.0,0.0,0.0,0.0,0.0,513.425,214.21,0.171774,537.325,212.541,0.170417,0.0,0.0,0.0,574.962,222.775,0.328484
520.23,229.603,0.118258,554.418,321.901,0.220258,503.159,321.957,0.177811,0.0,0.0,0.0,0.0,0.0,0.0,607.381,318.474,0.375367,609.187,390.335,0.153827,0.0,0.0,0.0,0.0,0.0,0.0,0.0,0.0,0.0,0.0,0.0,0.0,0.0,0.0,0.0,0.0,0.0,0.0,0.0,0.0,0.0,513.427,212.508,0.148144,535.643,212.474,0.133737,0.0,0.0,0.0,576.651,222.758,0.249381
544.17,243.269,0.169406,551.007,325.367,0.167881,499.703,332.174,0.15746,0.0,0.0,0.0,0.0,0.0,0.0,607.472,315.075,0.305488,617.661,383.453,0.104838,0.0,0.0,0.0,0.0,0.0,0.0,0.0,0.0,0.0,0.0,0.0,0.0,0.0,0.0,0.0,0.0,0.0,0.0,0.0,0.0,0.0,520.246,221.021,0.243709,566.421,224.425,0.219314,501.433,227.89,0.105007,592.072,236.394,0.216977
544.175,243.29,0.168367,552.69,327.068,0.156025,499.695,333.865,0.149357,0.0,0.0,0.0,0.0,0.0,0.0,607.461,315.065,0.297804,617.67,381.77,0.109019,0.0,0.0,0.0,0.0,0.0,0.0,0.0,0.0,0.0,0.0,0.0,0.0,0.0,0.0,0.0,0.0,0.0,0.0,0.0,0.0,0.0,520.251,221.042,0.242636,566.412,224.44,0.216737,501.422,227.878,0.102621,593.722,236.426,0.205769
539.035,239.889,0.204577,551.024,327.042,0.161727,499.694,333.874,0.145386,0.0,0.0,0.0,0.0,0.0,0.0,607.434,315.102,0.324831,615.995,383.461,0.117938,0.0,0.0,0.0,0.0,0.0,0.0,0.0,0.0,0.0,0.0,0.0,0.0,0.0,0.0,0.0,0.0,0.0,0.0,0.0,0.0,0.0,518.517,221.027,0.237541,556.137,222.729,0.234995,498.018,226.187,0.0879471,583.54,227.93,0.281838
532.196,260.392,0.202156,559.571,339.012,0.0927926,504.854,337.318,0.0882627,0.0,0.0,0.0,0.0,0.0,0.0,612.557,321.883,0.182654,0.0,0.0,0.0,0.0,0.0,0.0,0.0,0.0,0.0,0.0,0.0,0.0,0.0,0.0,0.0,0.0,0.0,0.0,0.0,0.0,0.0,0.0,0.0,0.0,515.125,238.102,0.309601,551.023,239.808,0.303328,494.608,238.144,0.0595292,593.792,238.172,0.298593
525.379,263.753,0.17985,559.572,345.862,0.0744044,503.148,344.152,0.0648962,0.0,0.0,0.0,0.0,0.0,0.0,609.147,321.941,0.115237,0.0,0.0,0.0,0.0,0.0,0.0,0.0,0.0,0.0,0.0,0.0,0.0,0.0,0.0,0.0,0.0,0.0,0.0,0.0,0.0,0.0,0.0,0.0,0.0,508.257,236.45,0.256279,547.612,239.805,0.302112,0.0,0.0,0.0,593.777,239.82,0.269098
525.379,263.757,0.178807,559.566,345.866,0.0739008,503.143,344.156,0.064477,0.0,0.0,0.0,0.0,0.0,0.0,609.145,321.939,0.11358,0.0,0.0,0.0,0.0,0.0,0.0,0.0,0.0,0.0,0.0,0.0,0.0,0.0,0.0,0.0,0.0,0.0,0.0,0.0,0.0,0.0,0.0,0.0,0.0,508.257,236.451,0.256807,549.286,239.806,0.300786,0.0,0.0,0.0,593.778,239.829,0.268508
535.628,260.373,0.232053,566.408,342.431,0.0814602,504.857,333.89,0.0572356,0.0,0.0,0.0,0.0,0.0,0.0,610.843,318.483,0.150326,0.0,0.0,0.0,0.0,0.0,0.0,0.0,0.0,0.0,0.0,0.0,0.0,0.0,0.0,0.0,0.0,0.0,0.0,0.0,0.0,0.0,0.0,0.0,0.0,520.238,238.101,0.33257,552.715,239.834,0.33437,497.985,236.399,0.0573354,593.799,238.162,0.265139
0.0,0.0,0.0,0.0,0.0,0.0,0.0,0.0,0.0,0.0,0.0,0.0,0.0,0.0,0.0,0.0,0.0,0.0,0.0,0.0,0.0,0.0,0.0,0.0,280.918,229.604,0.25928,296.264,337.34,0.309407,294.558,431.324,0.192715,0.0,0.0,0.0,0.0,0.0,0.0,0.0,0.0,0.0,0.0,0.0,0.0,0.0,0.0,0.0,0.0,0.0,0.0,0.0,0.0,0.0
636.438,325.314,0.411489,617.685,349.319,0.31489,610.875,354.403,0.507314,610.877,409.131,0.228857,0.0,0.0,0.0,621.089,347.595,0.194828,0.0,0.0,0.0,0.0,0.0,0.0,609.091,439.882,0.125527,0.0,0.0,0.0,0.0,0.0,0.0,607.404,433.052,0.0752835,0.0,0.0,0.0,0.0,0.0,0.0,633.075,320.262,0.446103,634.768,320.147,0.150444,621.069,321.869,0.483582,0.0,0.0,0.0
0.0,0.0,0.0,0.0,0.0,0.0,0.0,0.0,0.0,0.0,0.0,0.0,0.0,0.0,0.0,0.0,0.0,0.0,0.0,0.0,0.0,0.0,0.0,0.0,0.0,0.0,0.0,0.0,0.0,0.0,0.0,0.0,0.0,285.996,274.025,0.184641,299.696,337.327,0.28356,309.929,407.403,0.127197,0.0,0.0,0.0,0.0,0.0,0.0,0.0,0.0,0.0,0.0,0.0,0.0
0.0,0.0,0.0,0.0,0.0,0.0,0.0,0.0,0.0,0.0,0.0,0.0,0.0,0.0,0.0,0.0,0.0,0.0,0.0,0.0,0.0,0.0,0.0,0.0,291.129,262.073,0.121391,304.791,339.041,0.24696,306.472,409.136,0.203227,0.0,0.0,0.0,0.0,0.0,0.0,0.0,0.0,0.0,0.0,0.0,0.0,0.0,0.0,0.0,0.0,0.0,0.0,0.0,0.0,0.0
0.0,0.0,0.0,0.0,0.0,0.0,0.0,0.0,0.0,0.0,0.0,0.0,0.0,0.0,0.0,592.067,183.495,0.211785,610.847,239.893,0.30796,621.032,308.222,0.356526,0.0,0.0,0.0,0.0,0.0,0.0,0.0,0.0,0.0,0.0,0.0,0.0,0.0,0.0,0.0,0.0,0.0,0.0,0.0,0.0,0.0,0.0,0.0,0.0,0.0,0.0,0.0,0.0,0.0,0.0
0.0,0.0,0.0,619.369,308.197,0.441234,621.164,308.183,0.476982,622.782,323.62,0.301722,622.814,335.584,0.215288,612.585,306.607,0.37454,615.959,322.006,0.146769,614.295,335.595,0.085911,621.031,337.343,0.451439,621.169,366.358,0.273331,621.049,403.982,0.182841,610.877,337.319,0.378298,619.363,364.691,0.210588,615.976,402.265,0.185824,0.0,0.0,0.0,0.0,0.0,0.0,621.02,299.65,0.120231,617.683,299.688,0.0664094
0.0,0.0,0.0,595.416,171.423,0.410138,592.065,171.491,0.318541,0.0,0.0,0.0,0.0,0.0,0.0,598.858,171.453,0.404041,600.592,209.04,0.0709597,0.0,0.0,0.0,609.129,251.783,0.509655,617.669,308.279,0.520203,624.532,368.1,0.403472,609.12,251.85,0.629117,614.253,308.313,0.581963,626.279,373.206,0.441939,0.0,0.0,0.0,0.0,0.0,0.0,0.0,0.0,0.0,568.083,130.442,0.0826052
0.0,0.0,0.0,595.497,181.747,0.429927,597.208,181.732,0.342963,0.0,0.0,0.0,0.0,0.0,0.0,595.475,183.428,0.419008,607.427,229.584,0.131049,605.694,263.776,0.0955436,612.564,265.465,0.409746,621.107,323.656,0.360372,627.946,393.736,0.251704,609.13,267.175,0.512901,617.721,325.343,0.39953,634.695,400.554,0.349434,0.0,0.0,0.0,0.0,0.0,0.0,0.0,0.0,0.0,581.8,150.938,0.0690279
0.0,0.0,0.0,590.32,186.844,0.345827,0.0,0.0,0.0,0.0,0.0,0.0,0.0,0.0,0.0,597.157,185.192,0.388293,609.204,238.165,0.186577,607.425,277.45,0.104142,614.267,279.125,0.271483,624.552,335.602,0.243651,633.105,400.581,0.266283,607.47,280.913,0.370764,621.071,337.296,0.264454,634.76,402.25,0.294696,0.0,0.0,0.0,0.0,0.0,0.0,0.0,0.0,0.0,568.082,147.531,0.0726149
566.405,173.15,0.051249,597.209,183.432,0.25326,0.0,0.0,0.0,0.0,0.0,0.0,0.0,0.0,0.0,607.379,183.423,0.274068,605.716,233.022,0.0515262,0.0,0.0,0.0,612.54,267.168,0.32213,621.068,328.764,0.22598,629.64,400.554,0.193699,610.833,267.253,0.415921,617.677,328.775,0.301108,631.354,398.852,0.229665,0.0,0.0,0.0,0.0,0.0,0.0,0.0,0.0,0.0,590.337,144.14,0.0681901
0.0,0.0,0.0,270.621,190.3,0.324204,268.902,190.258,0.303513,255.291,221.042,0.0971931,0.0,0.0,0.0,263.783,186.913,0.245008,253.542,227.9,0.0608837,253.546,263.746,0.0565597,268.936,255.276,0.396392,270.65,294.575,0.419635,275.743,330.467,0.355202,265.538,256.977,0.423795,268.969,294.571,0.461527,274.051,333.828,0.392591,0.0,0.0,0.0,0.0,0.0,0.0,282.606,168.033,0.083654,0.0,0.0,0.0
0.0,0.0,0.0,277.488,173.236,0.195996,0.0,0.0,0.0,0.0,0.0,0.0,0.0,0.0,0.0,280.906,176.596,0.130158,0.0,0.0,0.0,0.0,0.0,0.0,255.289,232.993,0.491215,263.785,280.964,0.52913,267.193,332.198,0.550506,268.933,233.028,0.356527,267.161,280.952,0.515927,267.254,333.885,0.579481,0.0,0.0,0.0,0.0,0.0,0.0,0.0,0.0,0.0,0.0,0.0,0.0
0.0,0.0,0.0,279.177,171.507,0.185079,0.0,0.0,0.0,0.0,0.0,0.0,0.0,0.0,0.0,279.185,171.487,0.120763,0.0,0.0,0.0,0.0,0.0,0.0,260.354,227.919,0.427765,265.447,280.891,0.501458,268.887,332.17,0.521173,265.504,229.586,0.316475,265.492,280.894,0.487327,268.927,333.876,0.548109,0.0,0.0,0.0,0.0,0.0,0.0,0.0,0.0,0.0,0.0,0.0,0.0
0.0,0.0,0.0,279.139,173.178,0.188472,0.0,0.0,0.0,0.0,0.0,0.0,0.0,0.0,0.0,277.476,173.192,0.123761,0.0,0.0,0.0,0.0,0.0,0.0,260.375,231.295,0.420193,265.46,280.939,0.48221,268.904,332.182,0.504297,265.5,232.998,0.3135,265.495,280.944,0.472341,268.94,333.885,0.536579,0.0,0.0,0.0,0.0,0.0,0.0,0.0,0.0,0.0,0.0,0.0,0.0
0.0,0.0,0.0,545.896,164.652,0.292048,540.724,164.65,0.235777,532.216,193.706,0.083513,551.027,183.46,0.106309,554.452,161.23,0.260537,0.0,0.0,0.0,0.0,0.0,0.0,556.156,238.154,0.405123,566.343,296.262,0.359894,566.419,347.565,0.157655,559.557,238.139,0.388753,566.322,294.601,0.355546,566.409,344.152,0.121648,0.0,0.0,0.0,0.0,0.0,0.0,0.0,0.0,0.0,0.0,0.0,0.0
0.0,0.0,0.0,525.415,156.095,0.548474,538.995,154.375,0.434683,556.124,183.497,0.176352,0.0,0.0,0.0,515.112,159.517,0.38106,527.119,198.84,0.100052,0.0,0.0,0.0,554.5,238.102,0.49732,559.589,303.124,0.372516,556.158,359.533,0.227713,540.693,239.826,0.491528,552.658,304.83,0.375133,552.745,359.508,0.153825,0.0,0.0,0.0,0.0,0.0,0.0,0.0,0.0,0.0,499.754,130.419,0.104305
0.0,0.0,0.0,525.406,154.39,0.593206,539.048,152.647,0.490868,556.141,183.472,0.234172,0.0,0.0,0.0,513.386,157.77,0.437215,525.403,197.103,0.103281,0.0,0.0,0.0,556.158,236.42,0.509828,561.278,301.404,0.356282,556.183,357.823,0.197578,539.055,238.14,0.512536,552.654,303.115,0.356369,552.762,354.411,0.135605,0.0,0.0,0.0,0.0,0.0,0.0,0.0,0.0,0.0,499.765,128.739,0.0933242
0.0,0.0,0.0,566.392,166.332,0.46958,569.817,164.634,0.349499,0.0,0.0,0.0,0.0,0.0,0.0,562.97,168.029,0.430674,568.152,212.465,0.150047,566.427,239.86,0.0917124,590.333,246.703,0.372718,592.068,306.507,0.302622,593.784,362.974,0.176016,581.749,250.1,0.453125,585.213,306.512,0.35695,595.524,362.928,0.184186,0.0,0.0,0.0,0.0,0.0,0.0,0.0,0.0,0.0,540.813,135.582,0.109513
0.0,0.0,0.0,566.342,166.328,0.361078,568.104,164.647,0.253757,0.0,0.0,0.0,0.0,0.0,0.0,564.717,168.032,0.332906,571.541,210.752,0.080804,0.0,0.0,0.0,585.208,251.805,0.289613,592.029,311.674,0.144531,595.528,369.783,0.0508687,580.075,253.557,0.32534,585.215,315.075,0.159581,0.0,0.0,0.0,0.0,0.0,0.0,0.0,0.0,0.0,0.0,0.0,0.0,547.604,137.273,0.0818122
0.0,0.0,0.0,267.235,195.414,0.304814,265.43,195.415,0.285598,255.282,227.891,0.108869,0.0,0.0,0.0,258.684,195.411,0.22205,0.0,0.0,0.0,0.0,0.0,0.0,265.542,258.638,0.399182,267.165,299.706,0.387397,265.551,337.284,0.362115,267.155,258.648,0.302513,265.517,297.975,0.332358,265.443,335.637,0.335143,0.0,0.0,0.0,0.0,0.0,0.0,270.624,169.777,0.0851702,0.0,0.0,0.0
0.0,0.0,0.0,540.708,157.84,0.384545,554.42,156.087,0.271736,0.0,0.0,0.0,0.0,0.0,0.0,0.0,0.0,0.0,0.0,0.0,0.0,0.0,0.0,0.0,568.114,251.831,0.210153,0.0,0.0,0.0,0.0,0.0,0.0,557.876,253.523,0.203853,0.0,0.0,0.0,0.0,0.0,0.0,0.0,0.0,0.0,0.0,0.0,0.0,0.0,0.0,0.0,0.0,0.0,0.0
501.442,150.956,0.0761943,540.756,152.656,0.477989,552.704,150.933,0.388615,566.334,185.208,0.0629321,0.0,0.0,0.0,535.644,154.321,0.356115,540.794,197.095,0.0836405,0.0,0.0,0.0,568.059,243.265,0.370193,566.469,308.203,0.246711,556.165,361.212,0.0593235,554.457,246.678,0.39712,562.954,308.211,0.244684,556.161,361.26,0.0541495,0.0,0.0,0.0,0.0,0.0,0.0,0.0,0.0,0.0,516.833,130.382,0.21982
499.756,147.539,0.124803,540.783,152.656,0.567562,551.031,149.254,0.445263,564.707,185.188,0.0681089,0.0,0.0,0.0,537.317,154.368,0.477649,535.627,197.108,0.120499,0.0,0.0,0.0,568.097,239.834,0.449649,568.102,308.254,0.407388,564.654,361.247,0.179297,554.517,243.254,0.504737,562.984,308.249,0.427437,556.176,364.696,0.142451,0.0,0.0,0.0,501.495,138.987,0.115511,0.0,0.0,0.0,515.134,130.428,0.28534
499.751,147.503,0.109888,540.788,152.67,0.552683,552.678,150.927,0.446027,566.329,185.156,0.0680546,0.0,0.0,0.0,537.311,154.366,0.459637,539.051,197.119,0.0998105,0.0,0.0,0.0,568.095,239.877,0.433835,568.079,308.262,0.366755,562.96,361.242,0.145336,554.488,243.288,0.481453,562.969,308.248,0.376765,556.155,362.98,0.0997756,0.0,0.0,0.0,501.482,137.255,0.103547,0.0,0.0,0.0,515.142,130.414,0.277934
0.0,0.0,0.0,540.783,154.357,0.449704,552.781,154.301,0.339497,568.082,183.399,0.0959765,0.0,0.0,0.0,539.012,156.015,0.311374,559.542,183.431,0.0677188,0.0,0.0,0.0,568.112,239.86,0.365687,568.057,309.937,0.280521,557.895,361.29,0.0916427,554.486,243.269,0.381269,564.658,308.298,0.29655,562.964,364.648,0.0615267,0.0,0.0,0.0,0.0,0.0,0.0,0.0,0.0,0.0,515.116,130.487,0.143889
0.0,0.0,0.0,542.505,154.389,0.409832,554.39,154.307,0.319892,0.0,0.0,0.0,0.0,0.0,0.0,540.75,156.046,0.334847,549.297,198.812,0.0706717,0.0,0.0,0.0,568.085,239.854,0.31535,566.445,306.498,0.18984,556.168,359.477,0.0508789,554.508,243.28,0.345518,564.643,306.532,0.207961,0.0,0.0,0.0,0.0,0.0,0.0,0.0,0.0,0.0,0.0,0.0,0.0,521.973,130.435,0.12406
0.0,0.0,0.0,566.379,386.908,0.28517,576.656,388.633,0.497156,580.024,429.538,0.52256,0.0,0.0,0.0,557.855,385.169,0.187997,0.0,0.0,0.0,0.0,0.0,0.0,556.151,470.69,0.214448,0.0,0.0,0.0,0.0,0.0,0.0,552.733,460.412,0.0730746,0.0,0.0,0.0,0.0,0.0,0.0,0.0,0.0,0.0,0.0,0.0,0.0,576.664,361.274,0.10011,0.0,0.0,0.0
0.0,0.0,0.0,566.375,388.519,0.239245,576.651,388.63,0.463595,580.045,427.951,0.455479,0.0,0.0,0.0,564.696,386.881,0.191438,0.0,0.0,0.0,0.0,0.0,0.0,556.146,470.694,0.165378,0.0,0.0,0.0,0.0,0.0,0.0,0.0,0.0,0.0,0.0,0.0,0.0,0.0,0.0,0.0,0.0,0.0,0.0,0.0,0.0,0.0,0.0,0.0,0.0,0.0,0.0,0.0
0.0,0.0,0.0,566.404,388.498,0.252856,576.65,388.608,0.473014,580.061,427.944,0.475973,0.0,0.0,0.0,564.662,386.841,0.193929,0.0,0.0,0.0,0.0,0.0,0.0,556.146,470.694,0.161392,0.0,0.0,0.0,0.0,0.0,0.0,0.0,0.0,0.0,0.0,0.0,0.0,0.0,0.0,0.0,0.0,0.0,0.0,0.0,0.0,0.0,0.0,0.0,0.0,0.0,0.0,0.0
0.0,0.0,0.0,251.769,198.887,0.307337,250.099,200.572,0.309894,246.696,236.41,0.154738,251.841,270.616,0.197248,241.609,198.887,0.256097,243.298,241.569,0.080388,244.999,267.225,0.0903349,251.865,265.463,0.497636,253.586,306.576,0.479248,255.302,347.524,0.444916,246.683,265.49,0.427414,251.792,306.557,0.473955,253.539,347.548,0.507288,0.0,0.0,0.0,0.0,0.0,0.0,0.0,0.0,0.0,0.0,0.0,0.0
0.0,0.0,0.0,251.788,198.881,0.300661,250.129,202.225,0.298446,248.38,234.719,0.161178,253.5,268.951,0.212801,241.612,198.872,0.257038,246.684,241.558,0.0794527,246.704,267.187,0.0841126,251.872,265.46,0.492082,253.58,306.564,0.477444,256.926,347.513,0.441096,246.675,265.483,0.420914,251.789,306.546,0.473849,253.537,347.54,0.510909,0.0,0.0,0.0,0.0,0.0,0.0,0.0,0.0,0.0,0.0,0.0,0.0
0.0,0.0,0.0,260.347,205.666,0.158277,251.83,205.635,0.193892,248.375,238.158,0.0856582,0.0,0.0,0.0,0.0,0.0,0.0,0.0,0.0,0.0,0.0,0.0,0.0,253.589,267.229,0.302973,258.671,308.257,0.272571,262.1,345.824,0.32327,253.558,270.619,0.228279,255.271,308.219,0.282491,256.931,345.874,0.365885,0.0,0.0,0.0,0.0,0.0,0.0,0.0,0.0,0.0,0.0,0.0,0.0
0.0,0.0,0.0,260.353,205.664,0.169975,251.829,205.66,0.224656,250.081,243.277,0.103643,256.947,280.917,0.0937544,0.0,0.0,0.0,0.0,0.0,0.0,0.0,0.0,0.0,253.606,267.257,0.316066,260.388,308.289,0.261824,263.758,345.811,0.307274,253.552,270.628,0.238936,255.294,308.245,0.272401,256.944,345.865,0.359578,0.0,0.0,0.0,0.0,0.0,0.0,0.0,0.0,0.0,0.0,0.0,0.0
0.0,0.0,0.0,258.64,198.894,0.28887,0.0,0.0,0.0,0.0,0.0,0.0,0.0,0.0,0.0,0.0,0.0,0.0,0.0,0.0,0.0,0.0,0.0,0.0,256.957,265.535,0.457467,265.474,309.928,0.37817,267.195,347.54,0.336226,253.514,267.188,0.409273,256.959,309.938,0.388529,263.818,347.551,0.384125,0.0,0.0,0.0,0.0,0.0,0.0,0.0,0.0,0.0,0.0,0.0,0.0
0.0,0.0,0.0,258.686,197.059,0.258256,255.253,197.053,0.27276,253.524,215.939,0.123994,0.0,0.0,0.0,251.814,197.088,0.21157,0.0,0.0,0.0,0.0,0.0,0.0,260.347,255.26,0.429619,265.458,306.476,0.412186,267.15,347.532,0.404412,253.511,255.277,0.397954,257.002,304.841,0.426995,265.412,347.513,0.474921,0.0,0.0,0.0,0.0,0.0,0.0,0.0,0.0,0.0,0.0,0.0,0.0
0.0,0.0,0.0,256.926,197.144,0.421032,256.988,197.103,0.380725,277.471,219.345,0.136154,280.935,222.723,0.106294,250.115,197.16,0.329808,0.0,0.0,0.0,0.0,0.0,0.0,262.072,251.866,0.550341,265.484,296.284,0.564671,267.193,337.323,0.579159,253.503,251.881,0.555022,260.396,297.961,0.574507,265.467,337.307,0.632432,0.0,0.0,0.0,0.0,0.0,0.0,0.0,0.0,0.0,0.0,0.0,0.0
0.0,0.0,0.0,263.796,197.079,0.149849,0.0,0.0,0.0,0.0,0.0,0.0,0.0,0.0,0.0,0.0,0.0,0.0,0.0,0.0,0.0,0.0,0.0,0.0,258.665,251.829,0.334213,265.476,303.108,0.302021,267.188,337.331,0.340087,253.552,251.857,0.269216,262.112,303.101,0.294177,265.524,337.296,0.377844,0.0,0.0,0.0,0.0,0.0,0.0,0.0,0.0,0.0,0.0,0.0,0.0
0.0,0.0,0.0,265.438,190.278,0.183018,263.778,191.962,0.194315,260.371,217.618,0.123984,279.116,251.873,0.179354,263.807,193.711,0.166955,263.759,227.915,0.109524,275.751,251.791,0.191138,260.382,251.832,0.457977,265.561,296.293,0.482754,267.244,335.642,0.45052,256.969,251.872,0.423609,265.53,296.263,0.494294,267.155,337.308,0.498779,0.0,0.0,0.0,0.0,0.0,0.0,0.0,0.0,0.0,0.0,0.0,0.0
0.0,0.0,0.0,263.799,193.714,0.1498,262.076,193.693,0.156334,256.976,217.638,0.106207,279.134,251.861,0.141519,265.475,197.073,0.14791,262.092,227.909,0.105029,274.078,251.796,0.173761,258.693,250.136,0.421214,265.525,294.574,0.463235,267.263,333.91,0.424331,256.974,251.811,0.390339,265.51,294.532,0.489104,267.163,335.572,0.49467,0.0,0.0,0.0,0.0,0.0,0.0,0.0,0.0,0.0,0.0,0.0,0.0
607.336,327.029,0.0794192,598.892,335.578,0.417809,600.622,335.573,0.441441,597.206,352.697,0.245368,595.519,368.064,0.104456,598.872,333.94,0.387306,595.555,352.692,0.110033,597.189,368.079,0.0572878,602.302,368.053,0.433596,607.361,390.333,0.361342,607.417,415.997,0.266808,598.932,366.386,0.404656,605.71,390.298,0.299409,605.682,415.929,0.231093,607.363,323.642,0.0838158,0.0,0.0,0.0,605.699,323.64,0.172918,0.0,0.0,0.0
607.396,330.435,0.099611,600.604,335.695,0.456411,602.323,335.696,0.492254,597.216,354.415,0.309153,598.874,364.707,0.149733,598.918,335.621,0.41948,597.148,352.701,0.116342,598.908,366.369,0.0660526,602.296,368.086,0.491133,607.338,390.374,0.419821,607.372,416.017,0.313821,600.591,368.072,0.435013,605.661,390.323,0.344556,603.996,415.971,0.264119,607.39,327.016,0.105046,607.487,332.118,0.0528277,607.316,327.033,0.224805,0.0,0.0,0.0
607.431,330.432,0.12065,602.271,335.699,0.468926,602.322,337.28,0.514622,597.207,356.106,0.344124,600.576,366.36,0.165261,600.603,335.627,0.428182,597.228,352.687,0.110936,0.0,0.0,0.0,602.288,368.107,0.507272,607.338,390.384,0.436055,607.356,417.624,0.326082,602.285,368.096,0.439606,605.69,390.33,0.350869,604.018,415.984,0.264529,607.413,327.021,0.126139,607.495,332.146,0.0606545,607.334,327.052,0.254015,0.0,0.0,0.0
0.0,0.0,0.0,0.0,0.0,0.0,0.0,0.0,0.0,0.0,0.0,0.0,0.0,0.0,0.0,580.027,168.03,0.147094,592.024,241.544,0.209362,595.544,309.995,0.232962,0.0,0.0,0.0,0.0,0.0,0.0,0.0,0.0,0.0,0.0,0.0,0.0,0.0,0.0,0.0,0.0,0.0,0.0,0.0,0.0,0.0,0.0,0.0,0.0,0.0,0.0,0.0,0.0,0.0,0.0
0.0,0.0,0.0,598.893,169.74,0.323601,581.803,171.46,0.212906,0.0,0.0,0.0,0.0,0.0,0.0,621.021,166.359,0.401542,629.659,197.081,0.274448,612.577,193.719,0.10481,593.727,255.238,0.276294,595.437,328.759,0.2182,593.763,388.583,0.296559,619.395,251.82,0.306613,598.903,325.342,0.217677,593.786,386.884,0.328893,0.0,0.0,0.0,0.0,0.0,0.0,0.0,0.0,0.0,605.751,144.064,0.0813559
0.0,0.0,0.0,636.534,327.067,0.412915,644.997,327.054,0.427699,638.264,349.306,0.197808,636.519,364.676,0.0767092,634.806,323.627,0.365559,626.279,347.564,0.0746552,0.0,0.0,0.0,636.411,366.344,0.384478,636.461,388.539,0.286116,634.736,417.649,0.213633,627.939,363.016,0.290345,633.099,388.543,0.172219,633.095,415.936,0.14668,0.0,0.0,0.0,0.0,0.0,0.0,646.787,320.156,0.132739,0.0,0.0,0.0
638.205,320.229,0.0608605,634.746,327.077,0.533165,636.477,328.738,0.5451,636.449,347.501,0.249631,634.751,361.208,0.105559,633.021,325.322,0.454395,624.558,345.823,0.121593,624.534,357.845,0.0631604,634.718,361.217,0.553656,634.739,388.533,0.52676,627.944,421.081,0.358519,627.95,361.209,0.45361,633.031,388.544,0.391857,626.215,417.647,0.27841,0.0,0.0,0.0,0.0,0.0,0.0,636.532,320.205,0.149424,636.497,320.174,0.0546232
0.0,0.0,0.0,634.742,327.076,0.530955,636.513,328.735,0.544194,636.499,347.547,0.253958,634.773,359.561,0.0953124,631.375,325.313,0.444791,624.553,345.846,0.121772,622.859,356.124,0.0613442,634.726,361.229,0.525684,634.752,386.922,0.496744,627.944,421.062,0.325757,626.282,361.199,0.417429,631.389,388.52,0.333808,624.573,417.65,0.250667,0.0,0.0,0.0,0.0,0.0,0.0,636.49,320.195,0.156392,636.463,320.167,0.0599265
0.0,0.0,0.0,631.339,325.329,0.359711,634.781,323.706,0.380114,634.749,347.62,0.139401,634.71,359.519,0.0578078,626.273,323.629,0.355744,627.969,347.526,0.110895,629.655,356.126,0.06113,634.704,361.253,0.3838,633.105,388.511,0.34387,622.899,417.715,0.205424,626.256,361.248,0.34103,631.328,386.867,0.229707,622.792,415.91,0.183337,0.0,0.0,0.0,0.0,0.0,0.0,627.973,316.779,0.0700405,627.962,318.44,0.0695466
0.0,0.0,0.0,622.88,323.704,0.412641,631.363,325.329,0.384943,633.104,349.34,0.146647,634.705,363.005,0.0542437,622.795,322.011,0.410069,621.115,349.231,0.0855443,0.0,0.0,0.0,626.242,364.68,0.36913,622.926,388.619,0.333284,621.045,424.494,0.302529,622.749,362.973,0.342372,622.766,388.6,0.20921,619.419,417.747,0.195636,0.0,0.0,0.0,0.0,0.0,0.0,0.0,0.0,0.0,622.888,316.734,0.0509178
0.0,0.0,0.0,622.878,323.676,0.464271,631.372,323.703,0.436392,634.681,349.325,0.169625,634.667,362.996,0.0665003,622.786,321.983,0.4514,615.994,347.509,0.0872967,0.0,0.0,0.0,626.253,364.674,0.42523,624.533,388.658,0.388245,621.068,422.81,0.360159,622.749,362.978,0.395666,622.783,388.654,0.270075,619.406,417.726,0.243218,0.0,0.0,0.0,0.0,0.0,0.0,624.574,313.375,0.0607427,622.886,315.038,0.0509443
0.0,0.0,0.0,622.769,330.445,0.401354,624.567,330.457,0.380678,626.266,347.562,0.173625,633.01,350.979,0.0607254,621.101,327.046,0.358906,621.089,345.87,0.116923,0.0,0.0,0.0,622.901,361.283,0.350459,622.838,388.586,0.273853,622.799,417.728,0.20611,621.094,361.245,0.328547,621.131,388.528,0.181695,621.117,415.959,0.145339,0.0,0.0,0.0,0.0,0.0,0.0,622.867,320.217,0.0850253,622.768,320.146,0.0564597
0.0,0.0,0.0,622.774,327.073,0.423324,624.609,327.084,0.396257,629.619,347.515,0.186288,633.086,351.004,0.0686093,621.081,325.318,0.385187,619.405,344.153,0.117872,0.0,0.0,0.0,622.9,361.243,0.378908,622.883,388.575,0.275605,622.848,417.673,0.214925,621.039,361.223,0.335869,621.128,388.535,0.19272,621.125,415.94,0.152369,0.0,0.0,0.0,0.0,0.0,0.0,622.911,318.519,0.0804756,622.782,320.094,0.0568471
0.0,0.0,0.0,622.774,327.077,0.423511,624.6,328.723,0.397255,627.969,347.517,0.18691,633.075,351.011,0.0682316,621.084,325.321,0.386291,619.41,344.156,0.119629,0.0,0.0,0.0,622.899,361.237,0.381117,622.88,388.578,0.275102,622.846,417.672,0.215562,621.043,361.221,0.337649,621.126,388.539,0.194365,621.12,415.938,0.153297,0.0,0.0,0.0,0.0,0.0,0.0,622.906,318.518,0.0802866,622.785,320.095,0.0563712
622.801,320.2,0.0635181,621.119,323.672,0.387967,622.847,323.65,0.363064,624.532,344.138,0.159604,629.637,349.365,0.0828868,621.073,323.602,0.311191,622.878,342.454,0.0994972,624.516,352.679,0.0607303,621.15,359.56,0.377405,622.885,386.86,0.373263,622.852,417.677,0.294129,621.088,361.151,0.355607,622.841,386.842,0.288381,624.567,415.975,0.221364,0.0,0.0,0.0,0.0,0.0,0.0,621.188,320.174,0.109281,0.0,0.0,0.0
0.0,0.0,0.0,621.113,323.657,0.442189,622.869,323.609,0.440067,626.216,347.506,0.159327,0.0,0.0,0.0,619.364,321.993,0.388895,617.696,344.123,0.142171,615.981,354.428,0.0669474,621.205,361.232,0.423098,621.132,388.533,0.387966,619.364,417.661,0.268319,616.013,361.224,0.367876,619.431,386.913,0.304266,614.298,416.002,0.231678,0.0,0.0,0.0,0.0,0.0,0.0,621.184,318.487,0.0790981,621.105,318.479,0.0610805
0.0,0.0,0.0,621.106,323.654,0.45389,622.879,323.599,0.462063,626.233,347.503,0.196163,0.0,0.0,0.0,617.706,321.981,0.389159,617.681,342.432,0.134834,617.656,356.109,0.0628786,622.746,361.205,0.448563,621.171,388.511,0.387845,621.068,416.003,0.269689,615.975,361.208,0.365046,621.008,386.9,0.286589,616.003,415.937,0.221503,0.0,0.0,0.0,0.0,0.0,0.0,622.734,320.122,0.0755456,621.14,318.456,0.0540097
0.0,0.0,0.0,621.104,323.652,0.455718,622.876,323.597,0.465389,626.229,347.501,0.197772,0.0,0.0,0.0,617.706,321.982,0.389915,617.687,342.431,0.134356,617.661,356.109,0.0626635,622.743,361.207,0.450537,621.17,388.512,0.38884,621.067,416.005,0.270541,615.978,361.208,0.366723,621.01,386.9,0.286903,616.003,415.937,0.222189,0.0,0.0,0.0,0.0,0.0,0.0,622.731,320.124,0.0757638,621.139,318.463,0.05333
0.0,0.0,0.0,621.105,323.652,0.455403,622.876,323.597,0.465132,626.229,347.501,0.197584,0.0,0.0,0.0,617.706,321.982,0.389787,617.687,342.431,0.134384,617.661,356.109,0.062633,622.744,361.207,0.450358,621.17,388.512,0.388698,621.067,416.005,0.270349,615.978,361.208,0.36657,621.009,386.9,0.286806,616.003,415.937,0.222047,0.0,0.0,0.0,0.0,0.0,0.0,622.732,320.124,0.0756893,621.139,318.463,0.0532618
0.0,0.0,0.0,621.109,323.614,0.422595,622.84,321.979,0.449639,624.524,345.82,0.196969,624.509,350.99,0.0958262,619.352,321.956,0.354169,619.41,339.068,0.124381,619.414,350.994,0.0619373,622.736,359.557,0.406843,622.751,385.197,0.324249,621.081,415.977,0.252078,617.665,359.558,0.312464,619.399,385.145,0.212731,617.711,415.89,0.194625,0.0,0.0,0.0,0.0,0.0,0.0,622.72,318.515,0.0832216,0.0,0.0,0.0
0.0,0.0,0.0,620.998,323.626,0.50157,622.75,323.6,0.573924,622.863,345.862,0.298571,624.559,352.675,0.13247,615.96,321.951,0.410848,619.407,344.12,0.0999597,622.782,350.998,0.0534371,621.033,359.56,0.496545,621.019,386.869,0.447089,610.896,419.395,0.330698,612.56,361.178,0.401127,614.28,386.88,0.319643,609.183,417.66,0.283635,0.0,0.0,0.0,0.0,0.0,0.0,621.14,316.772,0.100927,0.0,0.0,0.0
0.0,0.0,0.0,620.993,323.637,0.480334,622.739,323.608,0.54826,622.859,345.827,0.287067,624.576,351.005,0.134873,615.969,321.957,0.394475,619.407,342.446,0.10109,622.8,350.958,0.0548708,621.034,359.524,0.479393,621.047,386.873,0.425985,612.537,419.394,0.301287,612.569,359.56,0.378863,615.971,386.864,0.295747,609.223,417.662,0.259864,0.0,0.0,0.0,0.0,0.0,0.0,621.128,316.773,0.102979,0.0,0.0,0.0
0.0,0.0,0.0,620.995,323.634,0.472558,622.74,323.602,0.53915,622.861,345.827,0.277999,624.575,350.997,0.131301,615.971,321.953,0.391045,619.412,342.444,0.101336,622.806,349.344,0.0548506,621.036,359.518,0.472897,621.046,386.869,0.421156,612.534,419.395,0.297072,612.571,359.552,0.372253,615.971,386.858,0.292323,609.222,417.664,0.257442,0.0,0.0,0.0,0.0,0.0,0.0,621.126,316.771,0.100706,0.0,0.0,0.0
0.0,0.0,0.0,620.996,323.635,0.489754,622.742,323.607,0.554726,622.86,345.847,0.289473,624.572,351.027,0.135165,615.964,321.961,0.404738,619.384,342.451,0.103858,622.783,350.976,0.0554434,621.036,359.539,0.490052,621.036,386.908,0.430314,610.903,421.055,0.30827,612.58,361.167,0.393937,615.984,386.91,0.31603,610.823,417.685,0.270771,0.0,0.0,0.0,0.0,0.0,0.0,621.129,316.772,0.100787,0.0,0.0,0.0
0.0,0.0,0.0,619.407,322.006,0.366955,621.087,321.942,0.433368,621.076,349.257,0.162824,621.132,362.92,0.056809,619.34,321.925,0.339591,619.415,347.547,0.0884078,0.0,0.0,0.0,620.999,362.988,0.348848,621.076,388.56,0.334653,610.87,419.356,0.234251,617.669,362.92,0.318537,621.014,388.556,0.255145,610.844,416.01,0.210998,0.0,0.0,0.0,0.0,0.0,0.0,621.026,313.353,0.0616915,0.0,0.0,0.0
0.0,0.0,0.0,621.039,323.657,0.363319,622.728,323.647,0.445852,622.763,347.529,0.22198,621.163,354.391,0.0579953,616.003,321.987,0.312512,619.421,347.557,0.0882459,0.0,0.0,0.0,621.057,361.231,0.344644,619.443,388.589,0.243088,617.673,417.695,0.128928,612.598,361.241,0.274579,616.009,386.862,0.101353,610.908,417.635,0.0741616,0.0,0.0,0.0,0.0,0.0,0.0,621.063,320.19,0.0720467,0.0,0.0,0.0
0.0,0.0,0.0,621.09,323.703,0.432151,622.744,323.693,0.518077,621.197,347.544,0.312326,622.732,354.394,0.111522,619.321,323.615,0.372115,617.709,347.509,0.107827,0.0,0.0,0.0,621.058,361.224,0.446187,621.03,388.542,0.364419,617.652,417.7,0.242547,614.3,361.224,0.345764,616.006,386.878,0.180329,612.6,415.969,0.134507,0.0,0.0,0.0,0.0,0.0,0.0,621.17,320.163,0.0859539,0.0,0.0,0.0
0.0,0.0,0.0,621.089,323.692,0.449614,622.749,323.684,0.536035,621.204,347.541,0.328748,622.761,354.41,0.122765,617.721,323.597,0.386834,617.705,347.498,0.108592,0.0,0.0,0.0,621.054,361.225,0.460181,621.044,388.549,0.37177,617.649,417.693,0.245667,614.292,361.221,0.355711,616.005,386.879,0.186156,612.601,415.963,0.143392,0.0,0.0,0.0,0.0,0.0,0.0,621.18,320.139,0.0902757,0.0,0.0,0.0
